[header]
width=28
height=38
tilewidth=16
tileheight=16
dayPokemonChances=
dayPokemonLevels=
fishPokemonChances=Magikarp,35;Tentacool,18;Tentacruel,17;Chinchou,10;Lanturn,10;Shellder,10;
fishPokemonLevels=10-20;10-20;40-40;20-40;40-40;20-40;
nightPokemonChances=
nightPokemonLevels=
pvp=disabled
waterPokemonChances=Tentacool,90;Tentacruel,10;
waterPokemonLevels=15-24;20-24;
wildProbability=10
xOffsetModifier=0
yOffsetModifier=0

[tilesets]
tileset=normal1.png,16,16,0,0
tileset=normal2.png,16,16,0,0
tileset=normal3.png,16,16,0,0
tileset=normal4.png,16,16,0,0
tileset=Buildings7.png,16,16,0,0
tileset=Path0.png,16,16,0,0
tileset=Buildings3.png,16,16,0,0
tileset=GrassFlowers.png,16,16,0,0

[layer]
type=Walkable
data=
4449,4449,4449,4449,4449,4449,4449,4449,4449,4449,4449,4449,4449,4449,4449,4449,4449,4449,4449,4449,4449,4449,4449,4449,4449,4449,4449,4449,
4449,4449,4449,4449,4449,4449,4449,4449,4449,4449,4449,4449,4449,4449,4449,4449,4449,4449,4449,4449,4449,4449,4449,4449,4449,4449,4449,4449,
4449,4449,4449,4449,4449,4449,4449,4449,4449,4449,4449,4449,4449,4449,4449,4449,4449,4449,4449,4449,4449,4449,4449,4449,4449,4449,4449,4449,
4449,4449,4449,4449,4449,4449,4449,4449,4449,4449,4449,4449,4449,4449,4449,4449,4449,4449,4449,4449,4449,4449,4449,4449,4449,4449,4449,4449,
4449,4449,4449,4449,4449,4449,4449,4449,4449,4449,4449,4449,4449,4449,4449,4449,4449,4449,4449,4449,4449,4449,4449,4449,4449,4449,4449,4449,
4449,4449,4449,4449,4449,4449,4449,4449,4449,4449,4449,4449,4449,4449,4449,4449,4449,4449,4449,4449,4449,4449,4449,4449,4449,4449,4449,4449,
4449,4449,4449,4449,4449,4449,4449,4449,4449,4449,4449,4449,4449,4449,4449,4449,4449,4449,4449,4449,4449,4449,4449,4449,4449,4449,4449,4449,
4449,4449,4449,4449,4449,4449,4449,4449,4449,4449,4449,4449,4449,4449,4449,4449,4449,4449,4449,4449,4449,4449,4449,4449,4449,4449,4449,4449,
4449,4449,4449,4449,4449,4449,4449,4449,4449,4449,4449,4449,4449,4449,4449,4449,4449,4449,4449,4449,4449,4449,4449,4449,4449,4449,4449,4449,
4449,4449,4449,4449,4449,4449,4449,4449,4449,4449,4449,4449,4449,4449,4449,4449,4449,4449,4449,4449,4449,4449,4449,4449,4449,4449,4449,4449,
4449,4449,4449,4449,4449,4449,4449,4449,4449,4449,4449,4449,4449,4449,4449,4449,4449,4449,4449,4449,4449,4449,4449,4449,4449,4449,4449,4449,
4449,4449,4449,4449,4449,4449,4449,4449,4449,4449,4449,4449,4449,4449,4449,4449,4449,4449,4449,4449,4449,4449,4449,4449,4449,4449,4449,4449,
4449,4449,4449,4449,4449,4452,4449,4449,4449,4449,4449,4449,4449,4449,4449,4449,4449,4449,4449,4449,4449,4449,4449,4449,4449,4449,4449,4449,
4449,4449,4449,4449,4449,4449,4449,4452,4449,4449,4449,4449,4449,4449,4449,4449,4449,4449,4449,4449,4449,4449,4449,4449,4449,4449,4449,4449,
4449,4449,4449,4449,4449,4449,4449,4449,4449,4449,4449,4449,4449,4449,4452,4449,4449,4449,4449,4449,4449,4449,4449,4449,4449,4449,4449,4449,
4449,4449,4449,4449,4449,4449,4457,4458,4458,4458,4458,4459,4449,4449,4449,4449,4452,4449,4449,4449,4449,4449,4449,4449,4449,4449,4449,4449,
4449,4449,4449,4449,4449,4449,4465,4466,4466,4466,4466,4467,4449,4449,4449,4449,4449,4449,4449,4449,4449,4449,4449,4449,4449,4449,4449,4449,
4449,4449,4449,4449,4457,4458,4455,4466,4466,4466,4466,4456,4458,4458,4458,4458,4458,4458,4458,4459,4449,4449,4449,4449,4449,4449,4449,4449,
4461,4461,4461,4462,4465,4466,4466,4466,4466,4466,4466,4466,4466,4466,4466,4466,4466,4466,4466,4467,4449,4449,4449,4449,4449,4449,4449,4449,
4469,4469,4469,4470,4465,4466,4466,4466,4466,4466,4466,4466,4466,4466,4466,4466,4466,4466,4466,4467,4449,4449,4449,4449,4449,4449,4449,4449,
4477,4477,4477,4478,4465,4466,4466,4466,4466,4466,4466,4466,4466,4466,4466,4466,4466,4464,4474,4475,4449,4449,4449,4449,4449,4449,4449,4449,
4449,4449,4449,4449,4465,4466,4466,4466,4466,4466,4466,4466,4466,4466,4466,4466,4466,4467,4449,4449,4449,4449,4449,4449,4449,4449,4449,4449,
4449,4449,4449,4449,4473,322,322,322,292,4464,4474,4474,4474,4474,4474,4474,292,4467,4449,4449,4449,4449,4449,4449,4449,4449,4449,4449,
4449,4449,4449,4449,4449,4449,4449,4449,289,4467,4449,4449,4449,4449,4449,4449,289,4467,4449,4449,4449,4449,4449,4449,4449,4449,4449,4449,
4449,4449,4449,4449,4449,4449,4449,4449,289,4467,4449,4449,4449,4449,4449,4449,289,4467,4449,4449,4449,4449,4449,4449,4449,4449,4449,4449,
4449,4449,4449,4449,4449,4449,4466,4449,289,4467,4449,4449,4449,4449,4466,4449,289,4467,4449,4449,4449,4449,4449,4449,4449,4449,4449,4449,
4449,4449,4449,4449,4449,4449,4465,4456,4455,4456,4458,4458,4458,4455,4466,4456,4455,4467,4449,4449,4449,4449,4449,4449,4449,4449,4449,4449,
4449,4449,4449,4449,4449,4449,4473,4474,4474,4474,4474,4474,4474,4474,4474,4474,4474,4475,4449,4449,4449,4449,4449,4449,4449,4449,4449,4449,
4449,4449,4449,4449,4449,4449,4449,4449,4449,4449,4449,4449,4449,4449,4449,4449,4449,4449,4449,4449,4449,4449,4449,4449,4449,4449,4449,4449,
4449,4449,4449,4449,4449,4449,4449,4449,4449,4449,4449,4449,4449,4449,4449,4449,4449,4449,4449,4449,4449,4449,4449,4449,4449,4449,4449,4449,
4449,4449,4449,4449,4449,4449,4449,4449,4449,4449,4449,4449,4449,4449,4449,4449,4449,4449,4449,4449,4449,4449,4449,4449,4449,4449,4449,4449,
4449,4449,4449,4449,4449,4449,4449,4449,4449,4449,4449,4449,4449,4449,4449,4449,4449,4449,4449,4449,4449,4449,4449,4449,4449,4449,4449,4449,
4449,4449,4449,4449,4449,4449,4449,4449,4449,4449,4449,4449,4449,4449,4449,4449,4449,4449,4449,4449,4449,4449,4449,4449,4449,4449,4449,4449,
4449,4449,4449,4449,4449,4449,4449,4449,4449,4449,4449,4449,4449,4449,4449,4449,4449,4449,4449,4449,4449,4449,4449,4449,4449,4449,4449,4449,
4449,4449,4449,4449,4449,4449,4449,4449,4449,4449,4449,4449,4449,4449,4449,4449,4449,4449,4449,4449,4449,4449,4449,4449,4449,4449,4449,4449,
4449,4449,4449,4449,4449,4449,4449,4449,4449,4449,4449,4449,4449,4449,4449,4449,4449,4449,4449,4449,4449,4449,4449,4449,4449,4449,4449,4449,
4449,4449,4449,4449,4449,4449,4449,4449,4449,4449,4449,4449,4449,4449,4449,4449,4449,4449,4449,4449,4449,4449,4449,4449,4449,4449,4449,4449,
4449,4449,4449,4449,4449,4449,4449,4449,4449,4449,4449,4449,4449,4449,4449,4449,4449,4449,4449,4449,4449,4449,4449,4449,4449,4449,4449,4449

[layer]
type=Walkable
data=
0,0,0,0,0,0,0,0,0,0,0,0,0,0,0,0,0,0,0,0,0,0,0,0,0,0,0,0,
0,0,0,0,0,0,0,0,0,0,0,0,0,0,0,0,0,0,0,0,0,0,0,0,0,0,0,0,
0,0,0,0,0,0,0,0,0,0,0,0,0,0,0,0,0,0,0,0,0,0,0,0,0,0,0,0,
0,0,0,0,0,0,0,0,0,0,0,0,0,0,0,0,0,0,0,0,0,0,0,0,0,0,0,0,
0,0,0,0,0,0,0,0,0,0,0,0,0,0,0,0,0,0,0,0,0,0,0,0,0,0,0,0,
0,0,0,0,0,0,0,0,0,0,0,0,0,0,0,0,0,0,0,0,0,0,0,0,0,0,0,0,
0,0,0,0,0,0,0,0,0,0,0,0,0,0,0,0,0,0,0,0,0,0,0,0,0,0,0,0,
0,0,0,0,0,0,0,0,0,0,0,0,0,0,0,0,0,0,0,0,0,0,0,0,0,0,0,0,
0,0,0,0,0,0,0,0,0,0,0,0,0,0,0,0,0,0,0,0,0,0,0,0,0,0,0,0,
0,0,0,0,0,0,0,0,0,0,0,0,0,0,0,0,0,0,0,0,0,0,0,0,0,0,0,0,
0,0,0,0,0,0,0,0,0,0,0,0,0,4123,0,0,0,0,0,0,0,0,0,0,0,0,0,0,
0,0,0,0,0,0,0,0,0,0,0,0,0,4934,0,0,0,0,0,0,0,0,0,0,0,0,0,0,
0,0,0,0,0,0,0,0,0,0,0,0,0,4942,0,0,0,0,0,0,0,0,0,0,0,0,0,0,
0,0,0,0,0,0,0,0,0,4946,0,0,0,4950,0,0,0,0,0,0,0,0,0,0,0,0,0,0,
0,0,0,0,0,0,0,0,0,0,0,0,0,0,0,0,0,0,0,0,0,0,0,0,0,0,0,0,
0,0,0,0,0,0,0,0,0,0,0,0,0,0,0,0,0,0,4995,0,0,0,0,0,0,0,0,0,
0,0,0,0,0,0,0,0,0,0,0,0,0,0,0,0,0,0,0,0,0,0,0,0,0,0,0,0,
0,0,0,0,0,0,0,0,0,0,0,0,0,0,0,0,0,0,0,0,0,0,0,0,0,0,0,0,
0,0,0,0,0,0,0,0,0,0,0,0,0,0,0,0,0,0,0,0,0,0,0,0,0,0,0,0,
0,0,0,0,0,0,0,0,0,0,0,0,0,0,0,0,0,0,0,0,0,0,0,0,0,0,0,0,
0,0,0,0,0,0,0,0,0,0,0,0,0,0,0,0,0,0,0,0,0,0,0,0,0,0,0,0,
0,0,0,0,0,0,0,0,0,0,0,0,0,0,0,0,0,0,0,0,0,0,0,0,0,0,0,0,
0,0,0,0,0,0,0,0,0,0,0,0,0,0,0,0,0,0,0,0,0,0,0,0,0,0,0,0,
0,0,0,0,0,0,0,0,0,0,0,0,0,0,0,0,0,0,0,0,0,0,0,0,0,0,0,0,
0,0,0,0,0,0,0,0,0,0,0,0,0,0,0,0,0,0,0,0,0,0,0,0,0,0,0,0,
0,0,0,0,0,0,5074,0,0,0,0,0,0,0,5074,0,0,0,0,0,0,0,0,0,0,0,0,0,
0,0,0,0,0,0,0,0,0,0,0,0,0,0,0,0,0,0,0,0,0,0,0,0,0,0,0,0,
0,0,0,0,4106,4107,0,0,0,0,0,0,0,0,0,0,0,0,0,0,0,0,0,0,0,0,0,0,
0,0,0,0,0,0,0,0,0,0,0,0,0,0,0,0,0,0,0,0,0,0,0,0,0,0,0,0,
0,0,0,0,0,0,0,0,0,0,0,0,0,0,0,0,0,0,0,0,0,0,0,0,0,0,0,0,
0,0,0,0,0,0,0,0,0,0,0,0,0,0,0,0,0,0,0,0,0,0,0,0,0,0,0,0,
0,0,0,0,0,0,0,0,0,0,0,0,0,0,0,0,0,0,0,0,0,0,0,0,0,0,0,0,
0,0,0,0,0,0,0,0,0,0,0,0,0,0,0,0,0,0,0,0,0,0,0,0,0,0,0,0,
0,0,0,0,0,0,0,0,0,0,0,0,0,0,0,0,0,0,0,0,0,0,0,0,0,0,0,0,
0,0,0,0,0,0,0,0,0,0,0,0,0,0,0,0,0,0,0,0,0,0,0,0,0,0,0,0,
0,0,0,0,0,0,0,0,0,0,0,0,0,0,0,0,0,0,0,0,0,0,0,0,0,0,0,0,
0,0,0,0,0,0,0,0,0,0,0,0,0,0,0,0,0,0,0,0,0,0,0,0,0,0,0,0,
0,0,0,0,0,0,0,0,0,0,0,0,0,0,0,0,0,0,0,0,0,0,0,0,0,0,0,0

[layer]
type=LedgesDown
data=
0,0,0,0,0,0,0,0,0,0,0,0,0,0,0,0,0,0,0,0,0,0,0,0,0,0,0,0,
0,0,0,0,0,0,0,0,0,0,0,0,0,0,0,0,0,0,0,0,0,0,0,0,0,0,0,0,
0,0,0,0,0,0,0,0,0,0,0,0,0,0,0,0,0,0,0,0,0,0,0,0,0,0,0,0,
0,0,0,0,0,0,0,0,0,0,0,0,0,0,0,0,0,0,0,0,0,0,0,0,0,0,0,0,
0,0,0,0,0,0,0,0,0,0,0,0,0,0,0,0,0,0,0,0,0,0,0,0,0,0,0,0,
0,0,0,0,0,0,0,0,0,0,0,0,0,0,0,0,0,0,0,0,0,0,0,0,0,0,0,0,
0,0,0,0,0,0,0,0,0,0,0,0,0,0,0,0,0,0,0,0,0,0,0,0,0,0,0,0,
0,0,0,0,0,0,0,0,0,0,0,0,0,0,0,0,0,0,0,0,0,0,0,0,0,0,0,0,
0,0,0,0,0,0,0,0,0,0,0,0,0,0,0,0,0,0,0,0,0,0,0,0,0,0,0,0,
0,0,0,0,0,0,0,0,0,0,0,0,0,0,0,0,0,0,0,0,0,0,0,0,0,0,0,0,
0,0,0,0,0,0,0,0,0,0,0,0,0,0,0,0,0,0,0,0,0,0,0,0,0,0,0,0,
0,0,0,0,0,0,0,0,0,0,0,0,0,0,0,0,0,0,0,0,0,0,0,0,0,0,0,0,
0,0,0,0,0,0,0,0,0,0,0,0,0,0,0,0,0,0,0,0,0,0,0,0,0,0,0,0,
0,0,0,0,0,0,0,0,0,0,0,0,0,0,0,0,0,0,0,0,0,0,0,0,0,0,0,0,
0,0,0,0,0,0,0,0,0,0,0,0,0,0,0,0,0,0,0,0,0,0,0,0,0,0,0,0,
0,0,0,0,0,0,0,0,0,0,0,0,0,0,0,0,0,0,0,0,0,0,0,0,0,0,0,0,
0,0,0,0,0,0,0,0,0,0,0,0,0,0,0,0,0,0,0,0,0,0,0,0,0,0,0,0,
0,0,0,0,0,0,0,0,0,0,0,0,0,0,0,0,0,0,0,0,0,0,0,0,0,0,0,0,
0,0,0,0,0,0,0,0,0,0,0,0,0,0,0,0,0,0,0,0,0,0,0,0,0,0,0,0,
0,0,0,0,0,0,0,0,0,0,0,0,0,0,0,0,0,0,0,0,0,0,0,0,0,0,0,0,
0,0,0,0,0,0,0,0,0,0,0,0,0,0,0,0,0,0,0,0,0,0,0,0,0,0,0,0,
0,0,0,0,0,0,0,0,0,0,0,0,0,0,0,0,0,0,0,0,0,0,0,0,0,0,0,0,
0,0,0,0,0,0,0,0,0,0,0,0,0,0,0,0,0,0,0,0,0,0,0,0,0,0,0,0,
0,0,0,0,0,0,0,0,0,0,0,0,0,0,0,0,0,0,0,0,0,0,0,0,0,0,0,0,
0,0,0,0,0,0,0,0,0,0,0,0,0,0,0,0,0,0,0,0,0,0,0,0,0,0,0,0,
0,0,0,0,0,0,0,0,0,0,0,0,0,0,0,0,0,0,0,0,0,0,0,0,0,0,0,0,
0,0,0,0,0,0,0,0,0,0,0,0,0,0,0,0,0,0,0,0,0,0,0,0,0,0,0,0,
0,0,0,0,0,0,0,0,0,0,0,0,0,0,0,0,0,0,0,0,0,0,0,0,0,0,0,0,
0,0,0,0,0,0,0,0,0,0,0,0,0,0,0,0,0,0,0,0,0,0,0,0,0,0,0,0,
0,0,0,0,0,0,0,0,0,0,0,0,0,0,0,0,0,0,0,0,0,0,0,0,0,0,0,0,
0,0,0,0,0,0,0,0,0,0,0,0,0,0,0,0,0,0,0,0,0,0,0,0,0,0,0,0,
0,0,0,0,0,0,0,0,0,0,0,0,0,0,0,0,0,0,0,0,0,0,0,0,0,0,0,0,
0,0,0,0,0,0,0,0,0,0,0,0,0,0,0,0,0,0,0,0,0,0,0,0,0,0,0,0,
0,0,0,0,0,0,0,0,0,0,0,0,0,0,0,0,0,0,0,0,0,0,0,0,0,0,0,0,
0,0,0,0,0,0,0,0,0,0,0,0,0,0,0,0,0,0,0,0,0,0,0,0,0,0,0,0,
0,0,0,0,0,0,0,0,0,0,0,0,0,0,0,0,0,0,0,0,0,0,0,0,0,0,0,0,
0,0,0,0,0,0,0,0,0,0,0,0,0,0,0,0,0,0,0,0,0,0,0,0,0,0,0,0,
0,0,0,0,0,0,0,0,0,0,0,0,0,0,0,0,0,0,0,0,0,0,0,0,0,0,0,0

[layer]
type=LedgesRight
data=
0,0,0,0,0,0,0,0,0,0,0,0,0,0,0,0,0,0,0,0,0,0,0,0,0,0,0,0,
0,0,0,0,0,0,0,0,0,0,0,0,0,0,0,0,0,0,0,0,0,0,0,0,0,0,0,0,
0,0,0,0,0,0,0,0,0,0,0,0,0,0,0,0,0,0,0,0,0,0,0,0,0,0,0,0,
0,0,0,0,0,0,0,0,0,0,0,0,0,0,0,0,0,0,0,0,0,0,0,0,0,0,0,0,
0,0,0,0,0,0,0,0,0,0,0,0,0,0,0,0,0,0,0,0,0,0,0,0,0,0,0,0,
0,0,0,0,0,0,0,0,0,0,0,0,0,0,0,0,0,0,0,0,0,0,0,0,0,0,0,0,
0,0,0,0,0,0,0,0,0,0,0,0,0,0,0,0,0,0,0,0,0,0,0,0,0,0,0,0,
0,0,0,0,0,0,0,0,0,0,0,0,0,0,0,0,0,0,0,0,0,0,0,0,0,0,0,0,
0,0,0,0,0,0,0,0,0,0,0,0,0,0,0,0,0,0,0,0,0,0,0,0,0,0,0,0,
0,0,0,0,0,0,0,0,0,0,0,0,0,0,0,0,0,0,0,0,0,0,0,0,0,0,0,0,
0,0,0,0,0,0,0,0,0,0,0,0,0,0,0,0,0,0,0,0,0,0,0,0,0,0,0,0,
0,0,0,0,0,0,0,0,0,0,0,0,0,0,0,0,0,0,0,0,0,0,0,0,0,0,0,0,
0,0,0,0,0,0,0,0,0,0,0,0,0,0,0,0,0,0,0,0,0,0,0,0,0,0,0,0,
0,0,0,0,0,0,0,0,0,0,0,0,0,0,0,0,0,0,0,0,0,0,0,0,0,0,0,0,
0,0,0,0,0,0,0,0,0,0,0,0,0,0,0,0,0,0,0,0,0,0,0,0,0,0,0,0,
0,0,0,0,0,0,0,0,0,0,0,0,0,0,0,0,0,0,0,0,0,0,0,0,0,0,0,0,
0,0,0,0,0,0,0,0,0,0,0,0,0,0,0,0,0,0,0,0,0,0,0,0,0,0,0,0,
0,0,0,0,0,0,0,0,0,0,0,0,0,0,0,0,0,0,0,0,0,0,0,0,0,0,0,0,
0,0,0,0,0,0,0,0,0,0,0,0,0,0,0,0,0,0,0,0,0,0,0,0,0,0,0,0,
0,0,0,0,0,0,0,0,0,0,0,0,0,0,0,0,0,0,0,0,0,0,0,0,0,0,0,0,
0,0,0,0,0,0,0,0,0,0,0,0,0,0,0,0,0,0,0,0,0,0,0,0,0,0,0,0,
0,0,0,0,0,0,0,0,0,0,0,0,0,0,0,0,0,0,0,0,0,0,0,0,0,0,0,0,
0,0,0,0,0,0,0,0,0,0,0,0,0,0,0,0,0,0,0,0,0,0,0,0,0,0,0,0,
0,0,0,0,0,0,0,0,0,0,0,0,0,0,0,0,0,0,0,0,0,0,0,0,0,0,0,0,
0,0,0,0,0,0,0,0,0,0,0,0,0,0,0,0,0,0,0,0,0,0,0,0,0,0,0,0,
0,0,0,0,0,0,0,0,0,0,0,0,0,0,0,0,0,0,0,0,0,0,0,0,0,0,0,0,
0,0,0,0,0,0,0,0,0,0,0,0,0,0,0,0,0,0,0,0,0,0,0,0,0,0,0,0,
0,0,0,0,0,0,0,0,0,0,0,0,0,0,0,0,0,0,0,0,0,0,0,0,0,0,0,0,
0,0,0,0,0,0,0,0,0,0,0,0,0,0,0,0,0,0,0,0,0,0,0,0,0,0,0,0,
0,0,0,0,0,0,0,0,0,0,0,0,0,0,0,0,0,0,0,0,0,0,0,0,0,0,0,0,
0,0,0,0,0,0,0,0,0,0,0,0,0,0,0,0,0,0,0,0,0,0,0,0,0,0,0,0,
0,0,0,0,0,0,0,0,0,0,0,0,0,0,0,0,0,0,0,0,0,0,0,0,0,0,0,0,
0,0,0,0,0,0,0,0,0,0,0,0,0,0,0,0,0,0,0,0,0,0,0,0,0,0,0,0,
0,0,0,0,0,0,0,0,0,0,0,0,0,0,0,0,0,0,0,0,0,0,0,0,0,0,0,0,
0,0,0,0,0,0,0,0,0,0,0,0,0,0,0,0,0,0,0,0,0,0,0,0,0,0,0,0,
0,0,0,0,0,0,0,0,0,0,0,0,0,0,0,0,0,0,0,0,0,0,0,0,0,0,0,0,
0,0,0,0,0,0,0,0,0,0,0,0,0,0,0,0,0,0,0,0,0,0,0,0,0,0,0,0,
0,0,0,0,0,0,0,0,0,0,0,0,0,0,0,0,0,0,0,0,0,0,0,0,0,0,0,0

[layer]
type=LedgesLeft
data=
0,0,0,0,0,0,0,0,0,0,0,0,0,0,0,0,0,0,0,0,0,0,0,0,0,0,0,0,
0,0,0,0,0,0,0,0,0,0,0,0,0,0,0,0,0,0,0,0,0,0,0,0,0,0,0,0,
0,0,0,0,0,0,0,0,0,0,0,0,0,0,0,0,0,0,0,0,0,0,0,0,0,0,0,0,
0,0,0,0,0,0,0,0,0,0,0,0,0,0,0,0,0,0,0,0,0,0,0,0,0,0,0,0,
0,0,0,0,0,0,0,0,0,0,0,0,0,0,0,0,0,0,0,0,0,0,0,0,0,0,0,0,
0,0,0,0,0,0,0,0,0,0,0,0,0,0,0,0,0,0,0,0,0,0,0,0,0,0,0,0,
0,0,0,0,0,0,0,0,0,0,0,0,0,0,0,0,0,0,0,0,0,0,0,0,0,0,0,0,
0,0,0,0,0,0,0,0,0,0,0,0,0,0,0,0,0,0,0,0,0,0,0,0,0,0,0,0,
0,0,0,0,0,0,0,0,0,0,0,0,0,0,0,0,0,0,0,0,0,0,0,0,0,0,0,0,
0,0,0,0,0,0,0,0,0,0,0,0,0,0,0,0,0,0,0,0,0,0,0,0,0,0,0,0,
0,0,0,0,0,0,0,0,0,0,0,0,0,0,0,0,0,0,0,0,0,0,0,0,0,0,0,0,
0,0,0,0,0,0,0,0,0,0,0,0,0,0,0,0,0,0,0,0,0,0,0,0,0,0,0,0,
0,0,0,0,0,0,0,0,0,0,0,0,0,0,0,0,0,0,0,0,0,0,0,0,0,0,0,0,
0,0,0,0,0,0,0,0,0,0,0,0,0,0,0,0,0,0,0,0,0,0,0,0,0,0,0,0,
0,0,0,0,0,0,0,0,0,0,0,0,0,0,0,0,0,0,0,0,0,0,0,0,0,0,0,0,
0,0,0,0,0,0,0,0,0,0,0,0,0,0,0,0,0,0,0,0,0,0,0,0,0,0,0,0,
0,0,0,0,0,0,0,0,0,0,0,0,0,0,0,0,0,0,0,0,0,0,0,0,0,0,0,0,
0,0,0,0,0,0,0,0,0,0,0,0,0,0,0,0,0,0,0,0,0,0,0,0,0,0,0,0,
0,0,0,0,0,0,0,0,0,0,0,0,0,0,0,0,0,0,0,0,0,0,0,0,0,0,0,0,
0,0,0,0,0,0,0,0,0,0,0,0,0,0,0,0,0,0,0,0,0,0,0,0,0,0,0,0,
0,0,0,0,0,0,0,0,0,0,0,0,0,0,0,0,0,0,0,0,0,0,0,0,0,0,0,0,
0,0,0,0,0,0,0,0,0,0,0,0,0,0,0,0,0,0,0,0,0,0,0,0,0,0,0,0,
0,0,0,0,0,0,0,0,0,0,0,0,0,0,0,0,0,0,0,0,0,0,0,0,0,0,0,0,
0,0,0,0,0,0,0,0,0,0,0,0,0,0,0,0,0,0,0,0,0,0,0,0,0,0,0,0,
0,0,0,0,0,0,0,0,0,0,0,0,0,0,0,0,0,0,0,0,0,0,0,0,0,0,0,0,
0,0,0,0,0,0,0,0,0,0,0,0,0,0,0,0,0,0,0,0,0,0,0,0,0,0,0,0,
0,0,0,0,0,0,0,0,0,0,0,0,0,0,0,0,0,0,0,0,0,0,0,0,0,0,0,0,
0,0,0,0,0,0,0,0,0,0,0,0,0,0,0,0,0,0,0,0,0,0,0,0,0,0,0,0,
0,0,0,0,0,0,0,0,0,0,0,0,0,0,0,0,0,0,0,0,0,0,0,0,0,0,0,0,
0,0,0,0,0,0,0,0,0,0,0,0,0,0,0,0,0,0,0,0,0,0,0,0,0,0,0,0,
0,0,0,0,0,0,0,0,0,0,0,0,0,0,0,0,0,0,0,0,0,0,0,0,0,0,0,0,
0,0,0,0,0,0,0,0,0,0,0,0,0,0,0,0,0,0,0,0,0,0,0,0,0,0,0,0,
0,0,0,0,0,0,0,0,0,0,0,0,0,0,0,0,0,0,0,0,0,0,0,0,0,0,0,0,
0,0,0,0,0,0,0,0,0,0,0,0,0,0,0,0,0,0,0,0,0,0,0,0,0,0,0,0,
0,0,0,0,0,0,0,0,0,0,0,0,0,0,0,0,0,0,0,0,0,0,0,0,0,0,0,0,
0,0,0,0,0,0,0,0,0,0,0,0,0,0,0,0,0,0,0,0,0,0,0,0,0,0,0,0,
0,0,0,0,0,0,0,0,0,0,0,0,0,0,0,0,0,0,0,0,0,0,0,0,0,0,0,0,
0,0,0,0,0,0,0,0,0,0,0,0,0,0,0,0,0,0,0,0,0,0,0,0,0,0,0,0

[layer]
type=Water
data=
0,0,0,0,0,0,0,0,0,0,0,0,0,0,0,0,0,0,0,0,0,0,0,0,0,0,0,0,
0,0,0,0,0,0,0,0,0,0,0,0,0,0,0,0,0,0,0,0,0,0,0,0,0,0,0,0,
0,0,0,0,0,0,0,0,0,0,0,0,0,0,0,0,0,0,0,0,0,0,0,0,0,0,0,0,
0,0,0,0,0,0,0,0,0,0,0,0,0,0,0,0,0,0,0,0,0,0,0,0,0,0,0,0,
0,0,0,0,0,0,0,0,0,0,0,0,0,0,0,0,0,0,0,0,0,0,0,0,0,0,0,0,
0,0,0,0,0,0,0,0,0,0,0,0,0,0,0,0,0,0,0,0,0,0,0,0,0,0,0,0,
0,0,0,0,0,0,0,0,0,0,0,0,0,0,0,0,0,0,0,0,0,0,0,0,0,0,0,0,
0,0,0,0,0,0,0,0,0,0,0,0,0,0,0,0,0,0,0,0,0,0,0,0,0,0,0,0,
0,0,0,0,0,0,0,0,0,0,0,0,0,0,0,0,0,0,0,0,0,0,0,0,0,0,0,0,
0,0,0,0,0,0,0,0,0,0,0,0,0,0,0,0,0,0,0,0,0,0,0,0,0,0,0,0,
0,0,0,0,0,0,0,0,0,0,0,0,0,0,0,0,0,0,0,0,0,0,0,0,0,0,0,0,
0,0,0,0,0,0,0,0,0,0,0,0,0,0,0,0,0,0,0,0,0,0,0,0,0,0,0,0,
0,0,0,0,0,0,0,0,0,0,0,0,0,0,0,0,0,0,0,0,0,0,0,0,0,0,0,0,
0,0,0,0,0,0,0,0,0,0,0,0,0,0,0,0,0,0,0,0,0,0,0,0,0,0,0,0,
0,0,0,0,0,0,0,0,0,0,0,0,0,0,0,0,0,0,0,0,0,0,0,0,0,0,0,0,
0,0,0,0,0,0,0,0,0,0,0,0,0,0,0,0,0,0,0,0,0,0,0,0,0,0,0,0,
0,0,0,0,0,0,0,0,0,0,0,0,0,0,0,0,0,0,0,0,0,0,0,4617,4618,4618,4618,4618,
0,0,0,0,0,0,0,0,0,0,0,0,0,0,0,0,0,0,0,0,0,4617,4618,4628,4626,4626,4626,4626,
0,0,0,0,0,0,0,0,0,0,0,0,0,0,0,0,0,0,0,0,0,4625,4626,4626,4626,4626,4626,4626,
0,0,0,0,0,0,0,0,0,0,0,0,0,0,0,0,0,0,0,0,0,4633,4634,4634,4634,4634,4634,4634,
0,0,0,0,0,0,0,0,0,0,0,0,0,0,0,0,0,0,0,0,0,0,0,0,0,0,0,0,
0,0,0,0,0,0,0,0,0,0,0,0,0,0,0,0,0,0,0,0,0,0,0,0,0,0,0,0,
0,0,0,0,0,0,0,0,0,0,0,0,0,0,0,0,0,0,0,0,0,0,0,0,0,0,0,0,
0,0,0,0,0,0,0,0,0,0,0,0,0,0,0,0,0,0,0,0,0,0,0,0,0,0,0,0,
0,0,0,0,0,0,0,0,0,0,0,0,0,0,0,0,0,0,0,0,0,0,0,0,0,0,0,0,
0,0,0,0,0,0,0,0,0,0,0,0,0,0,0,0,0,0,0,0,0,0,0,0,0,0,0,0,
0,0,0,0,0,0,0,0,0,0,0,0,0,0,0,0,0,0,0,0,0,0,0,0,0,0,0,0,
0,0,0,0,0,0,0,0,0,0,0,0,0,0,0,0,0,0,0,0,0,0,0,0,0,0,0,0,
0,0,0,0,0,0,0,0,0,0,0,0,0,0,0,0,0,0,0,0,0,0,0,0,0,0,0,0,
0,0,0,0,0,0,0,0,0,0,0,0,0,0,0,0,0,0,0,0,0,0,0,0,0,0,0,0,
0,0,0,0,0,0,0,0,0,0,0,0,0,0,0,0,0,0,0,0,0,0,0,0,0,0,0,0,
0,0,0,0,0,0,0,0,0,0,0,0,0,0,0,0,0,0,0,0,0,0,0,0,0,0,0,0,
0,0,0,0,0,0,0,0,0,0,0,0,0,0,0,0,0,0,0,0,0,0,0,0,0,0,0,0,
0,0,0,0,0,0,0,0,0,0,0,0,0,0,0,0,0,0,0,0,0,0,0,0,0,0,0,0,
0,0,0,0,0,0,0,0,0,0,0,0,0,0,0,0,0,0,0,0,0,0,0,0,0,0,0,0,
0,0,0,0,0,0,0,0,0,0,0,0,0,0,0,0,0,0,0,0,0,0,0,0,0,0,0,0,
0,0,0,0,0,0,0,0,0,0,0,0,0,0,0,0,0,0,0,0,0,0,0,0,0,0,0,0,
0,0,0,0,0,0,0,0,0,0,0,0,0,0,0,0,0,0,0,0,0,0,0,0,0,0,0,0

[layer]
type=Collisions
data=
0,0,0,0,0,0,0,0,0,0,0,0,0,0,0,0,0,0,0,0,0,0,0,0,0,0,0,0,
0,0,0,0,0,0,0,0,0,0,0,0,0,0,0,0,0,0,0,0,0,0,0,0,0,0,0,0,
0,0,0,0,0,0,0,0,0,0,0,0,0,0,0,0,0,0,0,0,0,0,0,0,0,0,0,0,
0,0,0,0,0,0,0,0,0,0,0,0,0,0,0,0,0,0,0,0,0,0,0,0,0,0,0,0,
0,0,0,0,0,0,0,0,0,0,0,0,0,0,0,0,0,0,0,0,0,0,0,0,0,0,0,0,
0,0,0,0,0,0,0,0,0,0,0,0,0,0,0,0,0,0,0,0,0,0,0,0,0,0,0,0,
0,0,0,0,0,0,0,0,0,0,0,0,0,0,0,0,0,0,0,0,0,0,0,0,0,0,0,0,
0,0,0,0,0,0,0,0,0,0,0,0,0,0,0,0,0,0,0,0,0,0,0,0,0,0,0,0,
0,0,0,0,0,0,0,0,0,0,0,0,0,0,0,0,0,0,0,0,0,0,0,0,0,0,0,0,
0,0,0,0,0,0,0,0,0,0,0,0,0,0,0,0,0,0,0,0,0,0,0,0,0,0,0,0,
0,0,0,0,0,0,0,0,0,0,0,0,0,0,4122,0,0,0,0,0,0,0,0,0,0,0,0,0,
0,0,0,0,0,0,0,0,0,0,0,0,0,0,4130,0,0,0,0,0,0,0,0,0,0,0,0,0,
0,0,0,0,0,0,0,0,0,0,0,0,0,0,0,0,4969,4970,4971,4972,4973,4974,0,0,0,0,0,0,
0,0,0,0,0,0,0,0,0,0,0,0,0,0,0,5000,4977,4978,4979,4980,4981,4982,0,0,0,0,0,0,
0,0,0,0,0,0,0,0,0,0,0,0,0,0,0,0,4985,4986,0,4988,4989,4990,0,0,0,0,0,0,
0,0,0,0,0,0,0,0,0,0,0,0,0,0,0,0,4993,4994,0,4996,4997,4998,0,0,0,0,0,0,
0,0,0,0,0,0,0,0,0,0,0,0,0,0,0,0,0,0,0,0,0,5000,0,0,0,0,0,0,
0,0,0,0,0,0,0,0,0,0,0,0,0,0,0,0,0,0,0,0,0,0,0,0,0,0,0,0,
0,0,0,0,0,0,0,0,0,0,0,0,0,0,0,0,0,0,0,0,0,0,0,0,0,0,0,0,
0,0,0,0,0,0,0,0,0,0,0,0,0,0,0,0,0,0,0,0,0,0,0,0,0,0,0,0,
0,0,0,0,0,0,0,0,0,0,0,0,0,0,0,0,0,0,0,0,0,0,0,0,0,0,0,0,
0,0,0,0,0,0,0,0,0,0,0,0,0,0,0,0,0,0,0,0,0,0,0,0,0,0,0,0,
0,0,0,0,0,5049,5050,5051,5052,0,0,0,0,5049,5050,5051,5052,0,0,0,0,0,0,0,0,0,0,0,
0,0,0,0,0,5057,5058,5059,5060,0,0,0,0,5057,5058,5059,5060,0,0,0,0,0,0,0,0,0,0,0,
0,0,0,0,0,5065,0,5067,5068,0,0,0,0,5065,0,5067,5068,0,0,0,0,0,0,0,0,0,0,0,
0,0,0,0,0,5073,0,5075,5076,5000,0,0,0,5073,0,5075,5076,5000,0,0,0,0,0,0,0,0,0,0,
0,0,0,0,0,0,0,0,0,0,0,0,0,0,0,0,0,0,0,0,0,0,0,0,0,0,0,0,
0,0,0,0,0,0,0,0,0,0,0,0,0,0,0,0,0,0,0,0,0,0,0,0,0,0,0,0,
0,0,0,0,0,0,0,0,0,0,0,0,0,0,0,0,0,0,0,0,0,0,0,0,0,0,0,0,
0,0,0,0,0,0,0,0,0,0,0,0,0,0,0,0,0,0,0,0,0,0,0,0,0,0,0,0,
0,0,0,0,0,0,0,0,0,0,0,0,0,0,0,0,0,0,0,0,0,0,0,0,0,0,0,0,
0,0,0,0,0,0,0,0,0,0,0,0,0,0,0,0,0,0,0,0,0,0,0,0,0,0,0,0,
0,0,0,0,0,0,0,0,0,0,0,0,0,0,0,0,0,0,0,0,0,0,0,0,0,0,0,0,
0,0,0,0,0,0,0,0,0,0,0,0,0,0,0,0,0,0,0,0,0,0,0,0,0,0,0,0,
0,0,0,0,0,0,0,0,0,0,0,0,0,0,0,0,0,0,0,0,0,0,0,0,0,0,0,0,
0,0,0,0,0,0,0,0,0,0,0,0,0,0,0,0,0,0,0,0,0,0,0,0,0,0,0,0,
0,0,0,0,0,0,0,0,0,0,0,0,0,0,0,0,0,0,0,0,0,0,0,0,0,0,0,0,
0,0,0,0,0,0,0,0,0,0,0,0,0,0,0,0,0,0,0,0,0,0,0,0,0,0,0,0

[layer]
type=Collisions
data=
4122,4123,4122,4123,4122,4123,4122,4123,4122,4123,4122,4123,4122,4123,4122,4123,4122,4123,4122,4123,4122,4123,4122,4123,4122,4123,4122,4123,
4130,4131,4130,4131,4130,4131,4130,4131,4130,4131,4130,4131,4130,4131,4130,4131,4130,4131,4130,4131,4130,4131,4130,4131,4130,4131,4130,4131,
4122,4123,4122,4123,4122,4123,4122,4123,4122,4123,4122,4123,4122,4123,4122,4123,4122,4123,4122,4123,4122,4123,4122,4123,4122,4123,4122,4123,
4130,4131,4130,4131,4130,4131,4130,4131,4130,4131,4130,4131,4130,4131,4130,4131,4130,4131,4130,4131,4130,4131,4130,4131,4130,4131,4130,4131,
4122,4123,4122,4123,4122,4123,4122,4123,4122,4123,4122,4123,4122,4123,4122,4123,4122,4123,4122,4123,4122,4123,4122,4123,4122,4123,4122,4123,
4130,4131,4130,4131,4130,4131,4130,4131,4130,4131,4130,4131,4130,4131,4130,4131,4130,4131,4130,4131,4130,4131,4130,4131,4130,4131,4130,4131,
4122,4123,4122,4123,4122,4123,4122,4123,4122,4123,4122,4123,4122,4123,4122,4123,4122,4123,4122,4123,4122,4123,4122,4123,4122,4123,4122,4123,
4130,4131,4130,4131,4130,4131,4130,4131,4130,4131,4130,4131,4130,4131,4130,4131,4130,4131,4130,4131,4130,4131,4130,4131,4130,4131,4130,4131,
4122,4123,4122,4123,4122,4123,4122,4123,4122,4123,4122,4123,4122,4123,4122,4123,4122,4123,4122,4123,4122,4123,4122,4123,4122,4123,4122,4123,
4130,4131,4130,4131,4130,4131,4130,4131,4130,4131,4130,4131,0,4131,4130,4131,4130,4131,4130,4131,4130,4131,4130,4131,4130,4131,4130,4131,
4122,4123,4122,4123,4122,4123,4122,4123,4921,4922,4923,4924,0,4926,4927,4123,4122,4123,4122,4123,4122,4123,4122,4123,4122,4123,4122,4123,
4130,4131,4130,4131,4130,4131,4130,4131,4929,4930,4931,4932,0,0,4935,4131,4130,4131,4130,4131,4130,4131,4130,4131,4130,4131,4130,4131,
4122,4123,4122,4123,0,0,0,0,4937,0,4939,4940,4941,0,4943,0,0,0,0,0,0,0,4122,4123,4122,4123,4122,4123,
4130,4131,4130,4131,0,0,0,0,4945,0,4947,4948,4949,0,4951,0,0,0,0,0,0,0,4130,4131,4130,4131,4130,4131,
4122,4123,4122,4123,0,0,0,0,0,0,0,0,0,0,0,0,0,0,0,0,0,0,4122,4123,4122,4123,4122,4123,
4130,4131,4130,4131,0,0,0,4110,0,0,0,0,4112,0,0,0,0,0,0,0,0,0,4130,4131,4130,4131,4130,4131,
4122,4123,4122,4123,0,0,0,0,0,0,0,0,0,0,0,0,0,0,0,0,0,0,0,0,0,0,0,0,
4130,4131,4130,4131,0,0,0,0,0,0,0,0,0,0,0,0,0,0,0,0,0,0,0,0,0,0,0,0,
0,0,0,0,0,0,0,0,0,0,0,0,0,0,0,0,0,0,0,0,0,0,0,0,0,0,0,0,
0,0,0,0,0,0,0,0,0,0,0,0,0,0,0,0,0,0,0,0,0,0,0,0,0,0,0,0,
0,0,0,0,0,0,0,0,0,0,4110,0,0,0,0,0,0,0,0,0,0,0,0,0,0,0,0,0,
4122,4123,4122,4123,0,0,0,0,0,0,0,0,0,0,0,0,0,0,0,5320,4122,4123,4122,4123,4122,4123,4122,4123,
4130,4131,4130,4131,0,0,0,0,0,0,0,0,0,0,0,0,0,0,0,5320,4130,4131,4130,4131,4130,4131,4130,4131,
4122,4123,4122,4123,0,0,0,0,0,0,0,0,0,0,0,0,0,0,0,5320,4122,4123,4122,4123,4122,4123,4122,4123,
4130,4131,4130,4131,0,0,0,0,0,0,0,0,0,0,0,0,0,0,0,5320,4130,4131,4130,4131,4130,4131,4130,4131,
4122,4123,4122,4123,0,0,0,0,0,0,0,0,4112,0,0,0,0,0,0,5320,4122,4123,4122,4123,4122,4123,4122,4123,
4130,4131,4130,4131,0,0,0,0,0,0,0,0,0,0,0,0,0,0,0,0,4130,4131,4130,4131,4130,4131,4130,4131,
4122,4123,4122,4123,0,0,0,0,0,0,0,0,0,0,0,0,0,0,0,0,4122,4123,4122,4123,4122,4123,4122,4123,
4130,4131,4130,4131,0,0,0,0,0,0,0,0,0,0,0,0,0,0,0,0,4130,4131,4130,4131,4130,4131,4130,4131,
4122,4123,4122,4123,4122,4123,4122,4123,4122,4123,4122,4123,4122,4123,4122,4123,4122,4123,4122,4123,4122,4123,4122,4123,4122,4123,4122,4123,
4130,4131,4130,4131,4130,4131,4130,4131,4130,4131,4130,4131,4130,4131,4130,4131,4130,4131,4130,4131,4130,4131,4130,4131,4130,4131,4130,4131,
4122,4123,4122,4123,4122,4123,4122,4123,4122,4123,4122,4123,4122,4123,4122,4123,4122,4123,4122,4123,4122,4123,4122,4123,4122,4123,4122,4123,
4130,4131,4130,4131,4130,4131,4130,4131,4130,4131,4130,4131,4130,4131,4130,4131,4130,4131,4130,4131,4130,4131,4130,4131,4130,4131,4130,4131,
4122,4123,4122,4123,4122,4123,4122,4123,4122,4123,4122,4123,4122,4123,4122,4123,4122,4123,4122,4123,4122,4123,4122,4123,4122,4123,4122,4123,
4130,4131,4130,4131,4130,4131,4130,4131,4130,4131,4130,4131,4130,4131,4130,4131,4130,4131,4130,4131,4130,4131,4130,4131,4130,4131,4130,4131,
4122,4123,4122,4123,4122,4123,4122,4123,4122,4123,4122,4123,4122,4123,4122,4123,4122,4123,4122,4123,4122,4123,4122,4123,4122,4123,4122,4123,
4130,4131,4130,4131,4130,4131,4130,4131,4130,4131,4130,4131,4130,4131,4130,4131,4130,4131,4130,4131,4130,4131,4130,4131,4130,4131,4130,4131,
4122,4123,4122,4123,4122,4123,4122,4123,4122,4123,4122,4123,4122,4123,4122,4123,4122,4123,4122,4123,4122,4123,4122,4123,4122,4123,4122,4123

[layer]
type=Collisions
data=
0,0,0,0,0,0,0,0,0,0,0,0,0,0,0,0,0,0,0,0,0,0,0,0,0,0,0,0,
0,0,0,0,0,0,0,0,0,0,0,0,0,0,0,0,0,0,0,0,0,0,0,0,0,0,0,0,
0,0,0,0,0,0,0,0,0,0,0,0,0,0,0,0,0,0,0,0,0,0,0,0,0,0,0,0,
0,0,0,0,0,0,0,0,0,0,0,0,0,0,0,0,0,0,0,0,0,0,0,0,0,0,0,0,
0,0,0,0,0,0,0,0,0,0,0,0,0,0,0,0,0,0,0,0,0,0,0,0,0,0,0,0,
0,0,0,0,0,0,0,0,0,0,0,0,0,0,0,0,0,0,0,0,0,0,0,0,0,0,0,0,
0,0,0,0,0,0,0,0,0,0,0,0,0,0,0,0,0,0,0,0,0,0,0,0,0,0,0,0,
0,0,0,0,0,0,0,0,0,0,0,0,0,0,0,0,0,0,0,0,0,0,0,0,0,0,0,0,
0,0,0,0,0,0,0,0,4905,4906,4907,4908,4909,0,0,0,0,0,0,0,0,0,0,0,0,0,0,0,
0,0,0,0,0,0,0,0,4913,4914,4915,4916,4917,0,0,0,0,0,0,0,0,0,0,0,0,0,0,0,
0,0,0,0,0,0,0,0,0,0,0,0,0,0,0,0,0,4954,4955,4956,4957,4958,0,0,0,0,0,0,
0,0,0,0,4116,0,0,0,0,0,0,0,0,0,0,4984,0,4962,4963,4964,4965,4966,0,0,0,0,0,0,
0,0,0,0,4124,0,0,0,0,0,0,0,0,0,0,4992,0,0,0,0,0,0,0,0,0,0,0,0,
0,0,0,0,4116,0,0,0,0,0,0,0,0,0,0,0,0,0,0,0,0,0,0,0,0,0,0,0,
0,0,0,0,4124,0,0,0,0,0,0,0,0,0,0,0,0,0,0,0,0,0,0,0,0,0,0,0,
0,0,0,0,4116,0,0,0,0,0,0,0,0,0,0,0,0,0,0,0,0,0,0,0,0,0,0,0,
0,0,0,0,4124,0,0,0,0,0,0,0,0,0,0,0,0,0,0,0,0,0,0,0,0,0,0,0,
0,0,0,0,0,0,0,0,0,0,0,0,0,0,0,0,0,0,0,0,0,0,0,0,0,0,0,0,
0,0,0,0,0,0,0,0,0,0,0,0,0,0,0,0,0,0,0,0,0,0,0,0,0,0,0,0,
0,0,0,0,0,0,0,0,0,0,0,0,0,0,0,0,0,0,0,0,0,0,0,0,0,0,0,0,
0,0,0,0,0,0,0,0,0,0,0,0,0,0,0,0,0,0,0,0,0,0,0,0,0,0,0,0,
0,0,0,0,0,0,0,0,0,0,0,0,0,0,0,0,0,0,0,0,0,0,0,0,0,0,0,0,
0,0,0,0,0,0,0,0,0,0,0,0,0,0,0,0,0,0,0,0,0,0,0,0,0,0,0,0,
0,0,0,0,0,0,0,0,0,0,0,0,0,0,0,0,0,0,0,0,0,0,0,0,0,0,0,0,
0,0,0,0,0,0,0,0,0,0,0,0,0,0,0,0,0,0,0,0,0,0,0,0,0,0,0,0,
0,0,0,0,0,0,0,0,0,0,0,0,0,0,0,0,0,0,0,0,0,0,0,0,0,0,0,0,
0,0,0,0,0,0,0,0,0,0,0,0,0,0,0,0,0,0,0,4113,0,0,0,0,0,0,0,0,
0,0,0,0,0,0,0,0,0,0,0,0,0,0,0,0,0,0,0,4121,0,0,0,0,0,0,0,0,
0,0,0,0,0,0,0,0,0,0,0,0,0,0,0,0,0,0,0,0,0,0,0,0,0,0,0,0,
0,0,0,0,0,0,0,0,0,0,0,0,0,0,0,0,0,0,0,0,0,0,0,0,0,0,0,0,
0,0,0,0,0,0,0,0,0,0,0,0,0,0,0,0,0,0,0,0,0,0,0,0,0,0,0,0,
0,0,0,0,0,0,0,0,0,0,0,0,0,0,0,0,0,0,0,0,0,0,0,0,0,0,0,0,
0,0,0,0,0,0,0,0,0,0,0,0,0,0,0,0,0,0,0,0,0,0,0,0,0,0,0,0,
0,0,0,0,0,0,0,0,0,0,0,0,0,0,0,0,0,0,0,0,0,0,0,0,0,0,0,0,
0,0,0,0,0,0,0,0,0,0,0,0,0,0,0,0,0,0,0,0,0,0,0,0,0,0,0,0,
0,0,0,0,0,0,0,0,0,0,0,0,0,0,0,0,0,0,0,0,0,0,0,0,0,0,0,0,
0,0,0,0,0,0,0,0,0,0,0,0,0,0,0,0,0,0,0,0,0,0,0,0,0,0,0,0,
0,0,0,0,0,0,0,0,0,0,0,0,0,0,0,0,0,0,0,0,0,0,0,0,0,0,0,0

[layer]
type=WalkBehind
data=
4106,4107,4106,4107,4106,4107,4106,4107,4106,4107,4106,4107,4106,4107,4106,4107,4106,4107,4106,4107,4106,4107,4106,4107,4106,4107,4106,4107,
4114,4115,4114,4115,4114,4115,4114,4115,4114,4115,4114,4115,4114,4115,4114,4115,4114,4115,4114,4115,4114,4115,4114,4115,4114,4115,4114,4115,
4106,4107,4106,4107,4106,4107,4106,4107,4106,4107,4106,4107,4106,4107,4106,4107,4106,4107,4106,4107,4106,4107,4106,4107,4106,4107,4106,4107,
4114,4115,4114,4115,4114,4115,4114,4115,4114,4115,4114,4115,4114,4115,4114,4115,4114,4115,4114,4115,4114,4115,4114,4115,4114,4115,4114,4115,
4106,4107,4106,4107,4106,4107,4106,4107,4106,4107,4106,4107,4106,4107,4106,4107,4106,4107,4106,4107,4106,4107,4106,4107,4106,4107,4106,4107,
4114,4115,4114,4115,4114,4115,4114,4115,4114,4115,4114,4115,4114,4115,4114,4115,4114,4115,4114,4115,4114,4115,4114,4115,4114,4115,4114,4115,
4106,4107,4106,4107,4106,4107,4106,4107,4106,4107,4106,4107,4106,4107,4106,4107,4106,4107,4106,4107,4106,4107,4106,4107,4106,4107,4106,4107,
4114,4115,4114,4115,4114,4115,4114,4115,4114,4115,4114,4115,4114,4115,4114,4115,4114,4115,4114,4115,4114,4115,4114,4115,4114,4115,4114,4115,
4106,4107,4106,4107,4106,4107,4106,4107,0,0,0,0,4106,4107,4106,4107,4106,4107,4106,4107,4106,4107,4106,4107,4106,4107,4106,4107,
4114,4115,4114,4115,4114,4115,4114,4115,0,0,0,0,4917,4115,4114,4115,4114,4115,4114,4115,4114,4115,4114,4115,4114,4115,4114,4115,
4106,4107,4106,4107,0,0,0,0,0,0,0,0,4925,0,0,0,0,0,0,0,0,0,4106,4107,4106,4107,4106,4107,
4114,4115,4114,4115,0,0,0,0,0,0,0,0,4933,0,0,0,0,0,0,0,0,0,4114,4115,4114,4115,4114,4115,
4106,4107,4106,4107,0,0,0,0,0,4938,0,0,0,0,0,0,0,0,0,0,0,0,4106,4107,4106,4107,4106,4107,
4114,4115,4114,4115,0,0,0,0,0,0,0,0,0,0,0,0,0,0,0,0,0,0,4114,4115,4114,4115,4114,4115,
4106,4107,4106,4107,0,0,0,4102,0,0,0,0,4104,0,0,0,0,0,4987,0,0,4984,0,0,0,0,0,0,
4114,4115,4114,4115,0,0,0,0,0,0,0,0,0,0,0,0,0,0,0,0,0,4992,0,0,0,0,0,0,
0,0,0,0,0,0,0,0,0,0,0,0,0,0,0,0,0,0,0,0,0,0,0,0,0,0,0,0,
0,0,0,0,0,0,0,0,0,0,0,0,0,0,0,0,0,0,0,0,0,0,0,0,0,0,0,0,
0,0,0,0,0,0,0,0,0,0,0,0,0,0,0,0,0,0,0,0,0,0,0,0,0,0,0,0,
4106,4107,4106,4107,0,0,0,0,0,0,4102,0,0,0,0,0,0,0,0,0,4106,4107,4106,4107,4106,4107,4106,4107,
4114,4115,4114,4115,4116,0,0,0,0,0,0,0,0,0,0,0,0,0,0,4113,4114,4115,4114,4115,4114,4115,4114,4115,
4106,4107,4106,4107,4124,5041,5042,5043,5044,0,0,0,0,5041,5042,5043,5044,0,0,4121,4106,4107,4106,4107,4106,4107,4106,4107,
4114,4115,4114,4115,4116,0,0,0,0,0,0,0,0,0,0,0,0,0,0,4113,4114,4115,4114,4115,4114,4115,4114,4115,
4106,4107,4106,4107,4124,0,0,0,0,4984,0,0,0,0,0,0,0,4984,0,4121,4106,4107,4106,4107,4106,4107,4106,4107,
4114,4115,4114,4115,4116,0,5066,0,0,4992,0,0,4104,0,5066,0,0,4992,0,4113,4114,4115,4114,4115,4114,4115,4114,4115,
4106,4107,4106,4107,4124,0,0,0,0,0,0,0,0,0,0,0,0,0,0,4121,4106,4107,4106,4107,4106,4107,4106,4107,
4114,4115,4114,4115,4116,0,0,0,0,0,0,0,0,0,0,0,0,0,0,0,4114,4115,4114,4115,4114,4115,4114,4115,
4106,4107,4106,4107,4124,4107,4106,4107,4106,4107,4106,4107,4106,4107,4106,4107,4106,4107,4106,4107,4106,4107,4106,4107,4106,4107,4106,4107,
4114,4115,4114,4115,4114,4115,4114,4115,4114,4115,4114,4115,4114,4115,4114,4115,4114,4115,4114,4115,4114,4115,4114,4115,4114,4115,4114,4115,
4106,4107,4106,4107,4106,4107,4106,4107,4106,4107,4106,4107,4106,4107,4106,4107,4106,4107,4106,4107,4106,4107,4106,4107,4106,4107,4106,4107,
4114,4115,4114,4115,4114,4115,4114,4115,4114,4115,4114,4115,4114,4115,4114,4115,4114,4115,4114,4115,4114,4115,4114,4115,4114,4115,4114,4115,
4106,4107,4106,4107,4106,4107,4106,4107,4106,4107,4106,4107,4106,4107,4106,4107,4106,4107,4106,4107,4106,4107,4106,4107,4106,4107,4106,4107,
4114,4115,4114,4115,4114,4115,4114,4115,4114,4115,4114,4115,4114,4115,4114,4115,4114,4115,4114,4115,4114,4115,4114,4115,4114,4115,4114,4115,
4106,4107,4106,4107,4106,4107,4106,4107,4106,4107,4106,4107,4106,4107,4106,4107,4106,4107,4106,4107,4106,4107,4106,4107,4106,4107,4106,4107,
4114,4115,4114,4115,4114,4115,4114,4115,4114,4115,4114,4115,4114,4115,4114,4115,4114,4115,4114,4115,4114,4115,4114,4115,4114,4115,4114,4115,
4106,4107,4106,4107,4106,4107,4106,4107,4106,4107,4106,4107,4106,4107,4106,4107,4106,4107,4106,4107,4106,4107,4106,4107,4106,4107,4106,4107,
4114,4115,4114,4115,4114,4115,4114,4115,4114,4115,4114,4115,4114,4115,4114,4115,4114,4115,4114,4115,4114,4115,4114,4115,4114,4115,4114,4115,
4106,4107,4106,4107,4106,4107,4106,4107,4106,4107,0,0,4106,4107,4106,4107,4106,4107,0,0,4106,4107,4106,4107,4106,4107,0,0

